0.504500 1.000269 0.014631 0.000000 0.000000 0.500134 0.007315
0.513500 0.962669 0.012926 0.000000 0.000000 0.481335 0.006463
0.522500 1.001959 0.012612 0.000000 0.000000 0.500979 0.006306
0.531500 0.986468 0.012778 0.000000 0.000000 0.493234 0.006389
0.540500 0.986121 0.014556 0.000195 0.000225 0.493158 0.007279
0.549500 0.982611 0.012011 0.000065 0.000130 0.491338 0.006006
0.558500 0.976884 0.011061 0.000000 0.000000 0.488442 0.005531
0.567500 0.934939 0.012896 0.000063 0.000126 0.467501 0.006448
0.576500 0.956880 0.020646 0.000063 0.000125 0.478471 0.010323
0.585500 0.978221 0.017173 0.000067 0.000133 0.489144 0.008587
0.594500 0.962891 0.013337 0.000130 0.000184 0.481510 0.006669
0.603500 0.963819 0.012672 0.000201 0.000231 0.482010 0.006337
0.612500 0.964458 0.011589 0.000390 0.000316 0.482424 0.005796
0.621500 0.964535 0.016369 0.000443 0.000333 0.482489 0.008186
0.630500 0.954583 0.009430 0.000585 0.000428 0.477584 0.004720
0.639500 0.952876 0.016293 0.000680 0.000423 0.476778 0.008149
0.648500 0.974349 0.012499 0.000704 0.000492 0.487527 0.006254
0.657500 0.954430 0.015691 0.001089 0.000528 0.477759 0.007850
0.666500 0.943467 0.016008 0.000817 0.000461 0.472142 0.008007
0.675500 0.947934 0.013112 0.001157 0.000543 0.474545 0.006562
0.684500 0.938331 0.012582 0.001361 0.000701 0.469846 0.006301
0.693500 0.940517 0.014378 0.001565 0.000624 0.471041 0.007196
0.702500 0.908495 0.016532 0.001925 0.000813 0.455210 0.008276
0.711500 0.852271 0.013496 0.002728 0.001000 0.427500 0.006767
0.720500 0.824114 0.007951 0.003220 0.000981 0.413667 0.004006
0.729500 0.823678 0.007547 0.002684 0.000924 0.413181 0.003802
0.738500 0.814468 0.007281 0.003070 0.000967 0.408769 0.003672
0.747500 0.813061 0.008004 0.003295 0.000965 0.408178 0.004031
0.756500 0.811673 0.007762 0.004374 0.001185 0.408023 0.003926
0.765500 0.810447 0.007634 0.005256 0.001231 0.407851 0.003866
0.774500 0.802421 0.007668 0.005607 0.001444 0.404014 0.003901
0.783500 0.789361 0.009206 0.005907 0.001354 0.397634 0.004653
0.792500 0.797894 0.007598 0.005983 0.001374 0.401939 0.003861
0.801500 0.781248 0.007964 0.007200 0.001704 0.394224 0.004072
0.810500 0.786810 0.007562 0.006629 0.001555 0.396720 0.003860
0.819500 0.781166 0.007878 0.007029 0.001711 0.394097 0.004031
0.828500 0.771718 0.009008 0.008364 0.001528 0.390041 0.004568
0.837500 0.768940 0.007945 0.009410 0.001719 0.389175 0.004064
0.846500 0.766986 0.007558 0.011764 0.001741 0.389375 0.003878
0.855500 0.765818 0.008278 0.010251 0.001846 0.388035 0.004241
0.864500 0.758710 0.007663 0.012520 0.002156 0.385615 0.003980
0.873500 0.750208 0.007182 0.012542 0.002020 0.381375 0.003730
0.882500 0.747440 0.007902 0.015009 0.002252 0.381224 0.004108
0.891500 0.740120 0.007075 0.012831 0.002245 0.376476 0.003711
0.900500 0.743939 0.008696 0.013239 0.002265 0.378589 0.004493
0.909500 0.740374 0.006858 0.015631 0.002458 0.378002 0.003643
0.918500 0.736677 0.008511 0.016797 0.002300 0.376737 0.004408
0.927500 0.735286 0.007943 0.019863 0.002531 0.377574 0.004168
0.936500 0.724117 0.007794 0.023804 0.002970 0.373961 0.004170
0.945500 0.723629 0.007341 0.022755 0.003038 0.373192 0.003972
0.954500 0.718402 0.008554 0.023718 0.002965 0.371060 0.004526
0.963500 0.705255 0.007848 0.022339 0.003250 0.363797 0.004247
0.972500 0.694511 0.007861 0.023091 0.002938 0.358801 0.004196
0.981500 0.704562 0.007756 0.028526 0.003474 0.366544 0.004249
0.990500 0.708387 0.007372 0.028676 0.003394 0.368531 0.004058
0.999500 0.694385 0.007708 0.030284 0.003443 0.362335 0.004221
1.008500 0.678171 0.009582 0.029058 0.003392 0.353615 0.005082
1.017500 0.684816 0.008546 0.033221 0.003805 0.359019 0.004678
1.026500 0.679404 0.008190 0.035790 0.003498 0.357597 0.004453
1.035500 0.667346 0.007891 0.035487 0.003704 0.351417 0.004358
1.044500 0.662977 0.007875 0.042444 0.004400 0.352711 0.004510
1.053500 0.660149 0.008172 0.040629 0.004156 0.350389 0.004584
1.062500 0.659685 0.008542 0.049827 0.004942 0.354756 0.004934
1.071500 0.642069 0.009533 0.051319 0.004892 0.346694 0.005357
1.080500 0.644958 0.008474 0.046985 0.004439 0.345972 0.004783
1.089500 0.643044 0.008462 0.050496 0.004691 0.346770 0.004838
1.098500 0.636932 0.008044 0.052779 0.004878 0.344856 0.004704
1.107500 0.633385 0.008893 0.061988 0.005093 0.347686 0.005124
1.116500 0.620077 0.008874 0.066840 0.005558 0.343458 0.005236
1.125500 0.612490 0.009240 0.064663 0.005593 0.338576 0.005400
1.134500 0.606936 0.009085 0.070693 0.005576 0.338815 0.005330
1.143500 0.606555 0.009151 0.073737 0.005915 0.340146 0.005448
1.152500 0.582476 0.009491 0.076701 0.007001 0.329588 0.005897
1.161500 0.588438 0.009423 0.078732 0.006348 0.333585 0.005681
1.170500 0.575300 0.009776 0.087977 0.006847 0.331638 0.005968
1.179500 0.577679 0.009912 0.097637 0.007394 0.337658 0.006183
1.188500 0.576510 0.010103 0.105793 0.007862 0.341151 0.006401
1.197500 0.564500 0.008914 0.106921 0.007038 0.335711 0.005679
1.206500 0.556551 0.009593 0.106616 0.007247 0.331583 0.006011
1.215500 0.539589 0.010250 0.116842 0.009094 0.328216 0.006851
1.224500 0.516948 0.009239 0.115291 0.007558 0.316120 0.005968
1.233500 0.515657 0.010168 0.113135 0.008803 0.314396 0.006725
1.242500 0.504839 0.010562 0.114122 0.009063 0.309480 0.006959
1.251500 0.506932 0.011055 0.130684 0.007993 0.318808 0.006821
1.260500 0.476353 0.010389 0.128766 0.009164 0.302559 0.006927
1.269500 0.471052 0.009994 0.129309 0.010958 0.300180 0.007415
1.278500 0.462097 0.009814 0.142841 0.010364 0.302469 0.007137
1.287500 0.443141 0.010063 0.147108 0.014622 0.295125 0.008875
1.296500 0.424483 0.010750 0.125968 0.024839 0.275225 0.013533
1.305500 0.428690 0.010696 0.129839 0.019992 0.279265 0.011337
1.314500 0.421339 0.009041 0.138495 0.016895 0.279917 0.009581
1.323500 0.421649 0.009418 0.170323 0.015263 0.295986 0.008967
1.332500 0.405174 0.009364 0.143828 0.023321 0.274501 0.012565
1.341500 0.409076 0.009045 0.156866 0.034789 0.282971 0.017973
1.350500 0.401073 0.008837 0.161577 0.020659 0.281325 0.011235
1.359500 0.398877 0.009707 0.163226 0.000000 0.281051 0.004853
1.368500 0.396238 0.008748 0.192903 0.148387 0.294570 0.074322
1.377500 0.398423 0.008681 0.129839 0.042621 0.264131 0.021748
1.386500 0.394432 0.008998 0.185484 0.047700 0.289958 0.024271
1.395500 0.377359 0.007996 0.141935 0.000000 0.259647 0.003998
