0.900500 0.745524 1.197500 0.566949 0.900500 0.009842 1.197500 0.106785 0.900500 0.377683 1.197500 0.336867
0.906440 0.742872 1.199335 0.565191 0.906440 0.010862 1.199335 0.108039 0.906440 0.376867 1.199335 0.336615
0.912380 0.740200 1.201171 0.563412 0.912380 0.011901 1.201171 0.109313 0.912380 0.376051 1.201171 0.336363
0.918320 0.737509 1.203006 0.561612 0.918320 0.012960 1.203006 0.110609 0.918320 0.375234 1.203006 0.336111
0.924260 0.734797 1.204841 0.559789 0.924260 0.014039 1.204841 0.111928 0.924260 0.374418 1.204841 0.335858
0.930200 0.732064 1.206677 0.557943 0.930200 0.015140 1.206677 0.113269 0.930200 0.373602 1.206677 0.335606
0.936140 0.729309 1.208512 0.556073 0.936140 0.016261 1.208512 0.114635 0.936140 0.372785 1.208512 0.335354
0.942080 0.726533 1.210347 0.554178 0.942080 0.017405 1.210347 0.116026 0.942080 0.371969 1.210347 0.335102
0.948020 0.723733 1.212182 0.552256 0.948020 0.018572 1.212182 0.117443 0.948020 0.371153 1.212182 0.334850
0.953960 0.720911 1.214018 0.550308 0.953960 0.019762 1.214018 0.118887 0.953960 0.370336 1.214018 0.334597
0.959900 0.718064 1.215853 0.548332 0.959900 0.020976 1.215853 0.120358 0.959900 0.369520 1.215853 0.334345
0.965840 0.715192 1.217688 0.546326 0.965840 0.022216 1.217688 0.121860 0.965840 0.368704 1.217688 0.334093
0.971780 0.712294 1.219524 0.544290 0.971780 0.023480 1.219524 0.123392 0.971780 0.367887 1.219524 0.333841
0.977720 0.709371 1.221359 0.542221 0.977720 0.024772 1.221359 0.124956 0.977720 0.367071 1.221359 0.333588
0.983660 0.706419 1.223194 0.540120 0.983660 0.026090 1.223194 0.126553 0.983660 0.366255 1.223194 0.333336
0.989600 0.703440 1.225030 0.537983 0.989600 0.027437 1.225030 0.128185 0.989600 0.365439 1.225030 0.333084
0.995540 0.700432 1.226865 0.535809 0.995540 0.028813 1.226865 0.129854 0.995540 0.364622 1.226865 0.332832
1.001480 0.697393 1.228700 0.533597 1.001480 0.030219 1.228700 0.131562 1.001480 0.363806 1.228700 0.332580
1.007420 0.694323 1.230536 0.531345 1.007420 0.031656 1.230536 0.133310 1.007420 0.362990 1.230536 0.332327
1.013360 0.691221 1.232371 0.529049 1.013360 0.033126 1.232371 0.135101 1.013360 0.362173 1.232371 0.332075
1.019300 0.688085 1.234206 0.526709 1.019300 0.034628 1.234206 0.136936 1.019300 0.361357 1.234206 0.331823
1.025240 0.684915 1.236041 0.524322 1.025240 0.036166 1.236041 0.138820 1.025240 0.360541 1.236041 0.331571
1.031180 0.681709 1.237877 0.521884 1.031180 0.037740 1.237877 0.140753 1.031180 0.359724 1.237877 0.331318
1.037120 0.678465 1.239712 0.519392 1.037120 0.039351 1.239712 0.142740 1.037120 0.358908 1.239712 0.331066
1.043060 0.675182 1.241547 0.516844 1.043060 0.041001 1.241547 0.144784 1.043060 0.358092 1.241547 0.330814
1.049000 0.671859 1.243383 0.514236 1.049000 0.042691 1.243383 0.146888 1.049000 0.357275 1.243383 0.330562
1.054940 0.668494 1.245218 0.511563 1.054940 0.044424 1.245218 0.149056 1.054940 0.356459 1.245218 0.330310
1.060880 0.665084 1.247053 0.508821 1.060880 0.046201 1.247053 0.151294 1.060880 0.355643 1.247053 0.330057
1.066820 0.661629 1.248889 0.506005 1.066820 0.048024 1.248889 0.153606 1.066820 0.354826 1.248889 0.329805
1.072760 0.658126 1.250724 0.503108 1.072760 0.049894 1.250724 0.155997 1.072760 0.354010 1.250724 0.329553
1.078700 0.654572 1.252559 0.500126 1.078700 0.051815 1.252559 0.158475 1.078700 0.353194 1.252559 0.329301
1.084640 0.650966 1.254395 0.497050 1.084640 0.053789 1.254395 0.161047 1.084640 0.352377 1.254395 0.329048
1.090580 0.647305 1.256230 0.493871 1.090580 0.055817 1.256230 0.163721 1.090580 0.351561 1.256230 0.328796
1.096520 0.643586 1.258065 0.490581 1.096520 0.057904 1.258065 0.166507 1.096520 0.350745 1.258065 0.328544
1.102460 0.639805 1.259900 0.487167 1.102460 0.060052 1.259900 0.169417 1.102460 0.349928 1.259900 0.328292
1.108400 0.635960 1.261736 0.483617 1.108400 0.062264 1.261736 0.172462 1.108400 0.349112 1.261736 0.328040
1.114340 0.632048 1.263571 0.479915 1.114340 0.064544 1.263571 0.175659 1.114340 0.348296 1.263571 0.327787
1.120280 0.628063 1.265406 0.476043 1.120280 0.066896 1.265406 0.179027 1.120280 0.347479 1.265406 0.327535
1.126220 0.624003 1.267242 0.471977 1.126220 0.069323 1.267242 0.182589 1.126220 0.346663 1.267242 0.327283
1.132160 0.619862 1.269077 0.467690 1.132160 0.071832 1.269077 0.186371 1.132160 0.345847 1.269077 0.327031
1.138100 0.615634 1.270912 0.463148 1.138100 0.074427 1.270912 0.190409 1.138100 0.345031 1.270912 0.326778
1.144040 0.611315 1.272748 0.458305 1.144040 0.077113 1.272748 0.194747 1.144040 0.344214 1.272748 0.326526
1.149980 0.606898 1.274583 0.453104 1.149980 0.079898 1.274583 0.199444 1.149980 0.343398 1.274583 0.326274
1.155920 0.602376 1.276418 0.447465 1.155920 0.082787 1.276418 0.204578 1.155920 0.342582 1.276418 0.326022
1.161860 0.597740 1.278254 0.441279 1.161860 0.085790 1.278254 0.210260 1.161860 0.341765 1.278254 0.325770
1.167800 0.592983 1.280089 0.434381 1.167800 0.088915 1.280089 0.216654 1.167800 0.340949 1.280089 0.325517
1.173740 0.588093 1.281924 0.426513 1.173740 0.092172 1.281924 0.224017 1.173740 0.340133 1.281924 0.325265
1.179680 0.583059 1.283759 0.417224 1.179680 0.095574 1.283759 0.232802 1.179680 0.339316 1.283759 0.325013
1.185620 0.577868 1.285595 0.405587 1.185620 0.099132 1.285595 0.243935 1.185620 0.338500 1.285595 0.324761
1.191560 0.572504 1.287430 0.389032 1.191560 0.102864 1.287430 0.259985 1.191560 0.337684 1.287430 0.324508
1.197500 0.566949 1.289265 0.324256 1.197500 0.106785 1.289265 0.324256 1.197500 0.336867 1.289265 0.324256
