180
180,2
180,4
180,6
180,8
181
181,2
181,4
181,6
181,8
182
182,2
182,4
182,6
182,8
183
183,2
183,4
183,6
183,8
184
184,2
184,4
184,6
184,8
185
185,2
185,4
185,6
185,8
186
186,2
186,4
186,6
186,8
187
187,2
187,4
187,6
187,8
188
188,2
188,4
188,6
188,8
189
189,2
189,4
189,6
189,8
190
190,2
190,4
190,6
190,8
191
191,2
191,4
191,6
191,8
192
192,2
192,4
192,6
192,8
193
193,2
193,4
193,6
193,8
194
194,2
194,4
194,6
194,8
195
195,2
195,4
195,6
195,8
196
196,2
196,4
196,6
196,8
197
197,2
197,4
197,6
197,8
198
198,2
198,4
198,6
198,8
199
199,2
199,4
199,6
199,8
200
200,2
200,4
200,6
200,8
201
201,2
201,4
201,6
201,8
202
202,2
202,4
202,6
202,8
203
203,2
203,4
203,6
203,8
204
204,2
204,4
204,6
204,8
205
205,2
205,4
205,6
205,8
206
206,2
206,4
206,6
206,8
207
207,2
207,4
207,6
207,8
208
208,2
208,4
208,6
208,8
209
209,2
209,4
209,6
209,8
210
210,2
210,4
210,6
210,8
211
211,2
211,4
211,6
211,8
212
212,2
212,4
212,6
212,8
213
213,2
213,4
213,6
213,8
214
214,2
214,4
214,6
214,8
215
215,2
215,4
215,6
215,8
216
216,2
216,4
216,6
216,8
217
217,2
217,4
217,6
217,8
218
218,2
218,4
218,6
218,8
219
219,2
219,4
219,6
219,8
220
220,2
220,4
220,6
220,8
221
221,2
221,4
221,6
221,8
222
222,2
222,4
222,6
222,8
223
223,2
223,4
223,6
223,8
224
224,2
224,4
224,6
224,8
225
225,2
225,4
225,6
225,8
226
226,2
226,4
226,6
226,8
227
227,2
227,4
227,6
227,8
228
228,2
228,4
228,6
228,8
229
229,2
229,4
229,6
229,8
230
230,2
230,4
230,6
230,8
231
231,2
231,4
231,6
231,8
232
232,2
232,4
232,6
232,8
233
233,2
233,4
233,6
233,8
234
234,2
234,4
234,6
234,8
235
235,2
235,4
235,6
235,8
236
236,2
236,4
236,6
236,8
237
237,2
237,4
237,6
237,8
238
238,2
238,4
238,6
238,8
239
239,2
239,4
239,6
239,8
240
240,2
240,4
240,6
240,8
241
241,2
241,4
241,6
241,8
242
242,2
242,4
242,6
242,8
243
243,2
243,4
243,6
243,8
244
244,2
244,4
244,6
244,8
245
245,2
245,4
245,6
245,8
246
246,2
246,4
246,6
246,8
247
247,2
247,4
247,6
247,8
248
248,2
248,4
248,6
248,8
249
249,2
249,4
249,6
249,8
250
250,2
250,4
250,6
250,8
251
251,2
251,4
251,6
251,8
252
252,2
252,4
252,6
252,8
253
253,2
253,4
253,6
253,8
254
254,2
254,4
254,6
254,8
255
255,2
255,4
255,6
255,8
256
256,2
256,4
256,6
256,8
257
257,2
257,4
257,6
257,8
258
258,2
258,4
258,6
258,8
259
259,2
259,4
259,6
259,8
260
260,2
260,4
260,6
260,8
261
261,2
261,4
261,6
261,8
262
262,2
262,4
262,6
262,8
263
263,2
263,4
263,6
263,8
264
264,2
264,4
264,6
264,8
265
265,2
265,4
265,6
265,8
266
266,2
266,4
266,6
266,8
267
267,2
267,4
267,6
267,8
268
268,2
268,4
268,6
268,8
269
269,2
269,4
269,6
269,8
270
270,2
270,4
270,6
270,8
271
271,2
271,4
271,6
271,8
272
272,2
272,4
272,6
272,8
273
273,2
273,4
273,6
273,8
274
274,2
274,4
274,6
274,8
275
275,2
275,4
275,6
275,8
276
276,2
276,4
276,6
276,8
277
277,2
277,4
277,6
277,8
278
278,2
278,4
278,6
278,8
279
279,2
279,4
279,6
279,8
280
280,2
280,4
280,6
280,8
281
281,2
281,4
281,6
281,8
282
282,2
282,4
282,6
282,8
283
283,2
283,4
283,6
283,8
284
284,2
284,4
284,6
284,8
285
285,2
285,4
285,6
285,8
286
286,2
286,4
286,6
286,8
287
287,2
287,4
287,6
287,8
288
288,2
288,4
288,6
288,8
289
289,2
289,4
289,6
289,8
290
290,2
290,4
290,6
290,8
291
291,2
291,4
291,6
291,8
292
292,2
292,4
292,6
292,8
293
293,2
293,4
293,6
293,8
294
294,2
294,4
294,6
294,8
295
295,2
295,4
295,6
295,8
296
296,2
296,4
296,6
296,8
297
297,2
297,4
297,6
297,8
298
298,2
298,4
298,6
298,8
299
299,2
299,4
299,6
299,8
300
