0.540500 0.994887 0.016068 0.000087 0.016068 0.497487 0.011362
0.549500 1.001042 0.014789 0.000000 0.000000 0.500521 0.007394
0.558500 0.988867 0.017097 0.000028 0.017097 0.494447 0.012090
0.567500 0.988874 0.016258 0.000134 0.016258 0.494504 0.011496
0.576500 0.995007 0.013228 0.000028 0.013228 0.497518 0.009354
0.585500 0.995210 0.012675 0.000060 0.012675 0.497635 0.008963
0.594500 0.995269 0.013422 0.000000 0.000000 0.497634 0.006711
0.603500 0.989199 0.013670 0.000073 0.013670 0.494636 0.009666
0.612500 0.989367 0.012340 0.000078 0.012340 0.494723 0.008726
0.621500 0.995568 0.008659 0.000000 0.000000 0.497784 0.004329
0.630500 0.989382 0.009352 0.000000 0.000000 0.494691 0.004676
0.639500 0.989340 0.008232 0.000000 0.000000 0.494670 0.004116
0.648500 0.993048 0.009609 0.000000 0.000000 0.496524 0.004805
0.657500 0.985483 0.011180 0.000000 0.000000 0.492741 0.005590
0.666500 0.980685 0.012759 0.000000 0.000000 0.490343 0.006379
0.675500 0.973109 0.009657 0.000000 0.000000 0.486554 0.004829
0.684500 0.961118 0.011118 0.000000 0.000000 0.480559 0.005559
0.693500 0.949922 0.014459 0.000000 0.000000 0.474961 0.007230
0.702500 0.917902 0.017918 0.000403 0.017918 0.459153 0.012670
0.711500 0.861355 0.014738 0.001275 0.014738 0.431315 0.010421
0.720500 0.831772 0.001054 0.002623 0.001054 0.417197 0.000746
0.729500 0.827848 0.000875 0.002567 0.000875 0.415207 0.000619
0.738500 0.824073 0.000935 0.002999 0.000935 0.413536 0.000661
0.747500 0.821090 0.001104 0.003368 0.001104 0.412229 0.000780
0.756500 0.815993 0.001261 0.003371 0.001261 0.409682 0.000892
0.765500 0.812211 0.001353 0.003921 0.001353 0.408066 0.000957
0.774500 0.807802 0.001635 0.003726 0.001635 0.405764 0.001156
0.783500 0.803240 0.002008 0.004314 0.002008 0.403777 0.001420
0.792500 0.800721 0.002037 0.004657 0.002037 0.402689 0.001440
0.801500 0.796251 0.001703 0.005492 0.001703 0.400872 0.001204
0.810500 0.792325 0.001754 0.005655 0.001754 0.398990 0.001240
0.819500 0.787540 0.001445 0.005719 0.001445 0.396630 0.001022
0.828500 0.783973 0.001580 0.006896 0.001580 0.395435 0.001117
0.837500 0.779667 0.001245 0.008728 0.001245 0.394197 0.000880
0.846500 0.775872 0.001438 0.009810 0.001438 0.392841 0.001017
0.855500 0.772386 0.001682 0.009316 0.001682 0.390851 0.001189
0.864500 0.767106 0.002062 0.010947 0.002062 0.389026 0.001458
0.873500 0.763248 0.001814 0.011153 0.001814 0.387201 0.001283
0.882500 0.758104 0.001279 0.013920 0.001279 0.386012 0.000904
0.891500 0.754011 0.000989 0.012702 0.000989 0.383356 0.000700
0.900500 0.751571 0.002335 0.013515 0.002335 0.382543 0.001651
0.909500 0.745433 0.001863 0.014085 0.001863 0.379759 0.001318
0.918500 0.742674 0.002025 0.015506 0.002025 0.379090 0.001432
0.927500 0.737562 0.001695 0.018266 0.001695 0.377914 0.001199
0.936500 0.733281 0.001777 0.019463 0.001777 0.376372 0.001256
0.945500 0.727982 0.002047 0.019888 0.002047 0.373935 0.001447
0.954500 0.721131 0.001935 0.021233 0.001935 0.371182 0.001368
0.963500 0.716768 0.001581 0.021233 0.001581 0.369001 0.001118
0.972500 0.712249 0.001453 0.022417 0.001453 0.367333 0.001027
0.981500 0.709140 0.001633 0.025386 0.001633 0.367263 0.001155
0.990500 0.703975 0.001333 0.027329 0.001333 0.365652 0.000943
0.999500 0.699553 0.000883 0.027112 0.000883 0.363333 0.000624
1.008500 0.692552 0.001176 0.027962 0.001176 0.360257 0.000832
1.017500 0.688986 0.001811 0.030079 0.001811 0.359533 0.001281
1.026500 0.683790 0.001499 0.032968 0.001499 0.358379 0.001060
1.035500 0.676378 0.001170 0.035683 0.001170 0.356031 0.000827
1.044500 0.674961 0.001752 0.038904 0.001752 0.356933 0.001239
1.053500 0.668409 0.001486 0.039196 0.001486 0.353802 0.001051
1.062500 0.661607 0.001243 0.043377 0.001243 0.352492 0.000879
1.071500 0.657109 0.001304 0.046572 0.001304 0.351840 0.000922
1.080500 0.652718 0.001084 0.046145 0.001084 0.349431 0.000767
1.089500 0.647577 0.000882 0.048847 0.000882 0.348212 0.000623
1.098500 0.640325 0.001692 0.051823 0.001692 0.346074 0.001196
1.107500 0.635066 0.002076 0.056639 0.002076 0.345852 0.001468
1.116500 0.629470 0.001105 0.061157 0.001105 0.345313 0.000781
1.125500 0.621677 0.001779 0.060857 0.001779 0.341267 0.001258
1.134500 0.618364 0.001483 0.067309 0.001483 0.342837 0.001049
1.143500 0.608678 0.002001 0.071156 0.002001 0.339917 0.001415
1.152500 0.598448 0.001734 0.069754 0.001734 0.334101 0.001226
1.161500 0.591606 0.001889 0.079095 0.001889 0.335350 0.001336
1.170500 0.580624 0.001972 0.087599 0.001972 0.334112 0.001395
1.179500 0.582505 0.002657 0.091148 0.002657 0.336826 0.001879
1.188500 0.575592 0.001860 0.098646 0.001860 0.337119 0.001316
1.197500 0.569380 0.002540 0.103416 0.002540 0.336398 0.001796
1.206500 0.558543 0.002364 0.103072 0.002364 0.330808 0.001672
1.215500 0.550669 0.001377 0.111075 0.001377 0.330872 0.000974
1.224500 0.534215 0.002685 0.111289 0.002685 0.322752 0.001898
1.233500 0.524409 0.004227 0.107678 0.004227 0.316044 0.002989
1.242500 0.515055 0.002418 0.117638 0.002418 0.316347 0.001710
1.251500 0.509840 0.003203 0.122725 0.003203 0.316283 0.002265
1.260500 0.492340 0.002211 0.130306 0.002211 0.311323 0.001564
1.269500 0.479112 0.003421 0.136149 0.003421 0.307631 0.002419
1.278500 0.464015 0.004069 0.154413 0.004069 0.309214 0.002877
1.287500 0.456482 0.008197 0.183871 0.008197 0.320176 0.005796
1.296500 0.466235 0.005647 0.178834 0.005647 0.322535 0.003993
1.305500 0.469566 0.018012 0.163963 0.018012 0.316764 0.012736
1.314500 0.447682 0.009219 0.162428 0.009219 0.305055 0.006518
1.323500 0.437466 0.005760 0.191985 0.005760 0.314726 0.004073
1.332500 0.437685 0.017126 0.185112 0.017126 0.311399 0.012110
1.341500 0.438129 0.011748 0.211922 0.011748 0.325025 0.008307
1.350500 0.450633 0.017474 0.252838 0.017474 0.351735 0.012356
