1.008500 0.693690 1.161500 0.594469 1.008500 0.028738 1.161500 0.078130 1.008500 0.361214 1.161500 0.336300
1.011560 0.692017 1.164110 0.592350 1.011560 0.029414 1.164110 0.079400 1.011560 0.360716 1.164110 0.335875
1.014620 0.690336 1.166719 0.590207 1.014620 0.030099 1.166719 0.080693 1.014620 0.360218 1.166719 0.335450
1.017680 0.688646 1.169329 0.588039 1.017680 0.030792 1.169329 0.082011 1.017680 0.359719 1.169329 0.335025
1.020740 0.686947 1.171938 0.585846 1.020740 0.031495 1.171938 0.083354 1.020740 0.359221 1.171938 0.334600
1.023800 0.685239 1.174548 0.583628 1.023800 0.032206 1.174548 0.084722 1.023800 0.358723 1.174548 0.334175
1.026860 0.683521 1.177158 0.581382 1.026860 0.032927 1.177158 0.086118 1.026860 0.358224 1.177158 0.333750
1.029920 0.681794 1.179767 0.579108 1.029920 0.033658 1.179767 0.087542 1.029920 0.357726 1.179767 0.333325
1.032980 0.680058 1.182377 0.576805 1.032980 0.034398 1.182377 0.088996 1.032980 0.357228 1.182377 0.332900
1.036040 0.678311 1.184986 0.574471 1.036040 0.035148 1.184986 0.090479 1.036040 0.356730 1.184986 0.332475
1.039100 0.676554 1.187596 0.572106 1.039100 0.035908 1.187596 0.091994 1.039100 0.356231 1.187596 0.332050
1.042160 0.674787 1.190206 0.569708 1.042160 0.036679 1.190206 0.093543 1.042160 0.355733 1.190206 0.331625
1.045220 0.673009 1.192815 0.567276 1.045220 0.037460 1.192815 0.095125 1.045220 0.355235 1.192815 0.331200
1.048280 0.671221 1.195425 0.564807 1.048280 0.038252 1.195425 0.096744 1.048280 0.354736 1.195425 0.330776
1.051340 0.669422 1.198034 0.562301 1.051340 0.039054 1.198034 0.098400 1.051340 0.354238 1.198034 0.330351
1.054400 0.667611 1.200644 0.559756 1.054400 0.039868 1.200644 0.100095 1.054400 0.353740 1.200644 0.329926
1.057460 0.665789 1.203254 0.557169 1.057460 0.040694 1.203254 0.101832 1.057460 0.353242 1.203254 0.329501
1.060520 0.663956 1.205863 0.554539 1.060520 0.041531 1.205863 0.103612 1.060520 0.352743 1.205863 0.329076
1.063580 0.662110 1.208473 0.551864 1.063580 0.042380 1.208473 0.105438 1.063580 0.352245 1.208473 0.328651
1.066640 0.660252 1.211082 0.549141 1.066640 0.043241 1.211082 0.107311 1.066640 0.351747 1.211082 0.328226
1.069700 0.658382 1.213692 0.546367 1.069700 0.044115 1.213692 0.109235 1.069700 0.351248 1.213692 0.327801
1.072760 0.656499 1.216302 0.543540 1.072760 0.045001 1.216302 0.111212 1.072760 0.350750 1.216302 0.327376
1.075820 0.654603 1.218911 0.540656 1.075820 0.045901 1.218911 0.113246 1.075820 0.350252 1.218911 0.326951
1.078880 0.652693 1.221521 0.537712 1.078880 0.046814 1.221521 0.115340 1.078880 0.349754 1.221521 0.326526
1.081940 0.650770 1.224130 0.534705 1.081940 0.047741 1.224130 0.117497 1.081940 0.349255 1.224130 0.326101
1.085000 0.648832 1.226740 0.531630 1.085000 0.048682 1.226740 0.119723 1.085000 0.348757 1.226740 0.325676
1.088060 0.646881 1.229350 0.528482 1.088060 0.049637 1.229350 0.122020 1.088060 0.348259 1.229350 0.325251
1.091120 0.644914 1.231959 0.525257 1.091120 0.050607 1.231959 0.124396 1.091120 0.347760 1.231959 0.324826
1.094180 0.642932 1.234569 0.521948 1.094180 0.051592 1.234569 0.126854 1.094180 0.347262 1.234569 0.324401
1.097240 0.640935 1.237178 0.518550 1.097240 0.052593 1.237178 0.129403 1.097240 0.346764 1.237178 0.323976
1.100300 0.638922 1.239788 0.515055 1.100300 0.053609 1.239788 0.132048 1.100300 0.346266 1.239788 0.323551
1.103360 0.636892 1.242398 0.511454 1.103360 0.054642 1.242398 0.134799 1.103360 0.345767 1.242398 0.323126
1.106420 0.634846 1.245007 0.507739 1.106420 0.055692 1.245007 0.137664 1.106420 0.345269 1.245007 0.322702
1.109480 0.632782 1.247617 0.503898 1.109480 0.056759 1.247617 0.140655 1.109480 0.344771 1.247617 0.322277
1.112540 0.630700 1.250226 0.499919 1.112540 0.057844 1.250226 0.143784 1.112540 0.344272 1.250226 0.321852
1.115600 0.628601 1.252836 0.495787 1.115600 0.058948 1.252836 0.147067 1.115600 0.343774 1.252836 0.321427
1.118660 0.626482 1.255446 0.491484 1.118660 0.060070 1.255446 0.150520 1.118660 0.343276 1.255446 0.321002
1.121720 0.624344 1.258055 0.486990 1.121720 0.061211 1.258055 0.154164 1.121720 0.342778 1.258055 0.320577
1.124780 0.622186 1.260665 0.482278 1.124780 0.062373 1.260665 0.158025 1.124780 0.342279 1.260665 0.320152
1.127840 0.620007 1.263274 0.477319 1.127840 0.063555 1.263274 0.162135 1.127840 0.341781 1.263274 0.319727
1.130900 0.617807 1.265884 0.472073 1.130900 0.064758 1.265884 0.166531 1.130900 0.341283 1.265884 0.319302
1.133960 0.615585 1.268494 0.466490 1.133960 0.065984 1.268494 0.171264 1.133960 0.340784 1.268494 0.318877
1.137020 0.613341 1.271103 0.460504 1.137020 0.067232 1.271103 0.176400 1.137020 0.340286 1.271103 0.318452
1.140080 0.611073 1.273713 0.454028 1.140080 0.068503 1.273713 0.182026 1.140080 0.339788 1.273713 0.318027
1.143140 0.608781 1.276322 0.446938 1.143140 0.069798 1.276322 0.188267 1.143140 0.339290 1.276322 0.317602
1.146200 0.606463 1.278932 0.439050 1.146200 0.071119 1.278932 0.195305 1.146200 0.338791 1.278932 0.317177
1.149260 0.604120 1.281542 0.430074 1.149260 0.072465 1.281542 0.203431 1.149260 0.338293 1.281542 0.316752
1.152320 0.601750 1.284151 0.419504 1.152320 0.073839 1.284151 0.213150 1.152320 0.337795 1.284151 0.316327
1.155380 0.599353 1.286761 0.406304 1.155380 0.075240 1.286761 0.225501 1.155380 0.337296 1.286761 0.315902
1.158440 0.596926 1.289370 0.387595 1.158440 0.076670 1.289370 0.243360 1.158440 0.336798 1.289370 0.315477
1.161500 0.594469 1.291980 0.315053 1.161500 0.078130 1.291980 0.315053 1.161500 0.336300 1.291980 0.315053
